   1.0000000e+00
   3.0000000e+00
   6.0000000e+00
   1.0000000e+01
   1.2000000e+01
   3.4000000e+01
   4.0000000e+01
   9.4000000e+01
   1.2100000e+02
   1.2500000e+02
   1.3900000e+02
   1.4700000e+02
   1.5300000e+02
   1.5700000e+02
   1.6800000e+02
   1.7000000e+02
   1.7200000e+02
   1.7800000e+02
   1.8100000e+02
   1.8200000e+02
   1.8400000e+02
   1.9500000e+02
   2.0000000e+02
   2.0200000e+02
   2.0400000e+02
   2.0500000e+02
   2.1000000e+02
   2.1400000e+02
   2.2200000e+02
   2.2500000e+02
   2.2800000e+02
   2.2900000e+02
   2.3600000e+02
   2.3700000e+02
   2.4200000e+02
   2.4700000e+02
   2.4800000e+02
   2.4900000e+02
   2.5900000e+02
   2.6100000e+02
   2.6200000e+02
   2.6900000e+02
   2.7000000e+02
   2.7100000e+02
   2.7200000e+02
   2.7700000e+02
   2.8400000e+02
   2.8500000e+02
   2.8600000e+02
   2.9300000e+02
   3.0400000e+02
   3.0900000e+02
   3.1100000e+02
   3.1500000e+02
   3.1700000e+02
   3.1900000e+02
   3.2800000e+02
   3.2900000e+02
   3.3000000e+02
   3.3200000e+02
   3.3600000e+02
   3.3800000e+02
   3.3900000e+02
   3.4800000e+02
   3.5600000e+02
   3.5700000e+02
   3.7800000e+02
   3.8100000e+02
   3.8400000e+02
   3.8500000e+02
   3.9600000e+02
   3.9800000e+02
   4.0000000e+02
   4.0100000e+02
   4.0300000e+02
   4.0600000e+02
   4.0800000e+02
   4.1500000e+02
   4.1600000e+02
   4.2700000e+02
   4.3300000e+02
   4.3700000e+02
   4.4400000e+02
   4.4600000e+02
   4.5000000e+02
   4.5500000e+02
   4.7300000e+02
   4.7500000e+02
   4.8000000e+02
   4.8100000e+02
   4.8200000e+02
   4.8400000e+02
   4.9400000e+02
   4.9500000e+02
   4.9900000e+02
   5.0400000e+02
   5.0900000e+02
   5.1000000e+02
   5.2300000e+02
   5.3400000e+02
   5.3500000e+02
   5.4300000e+02
   5.4700000e+02
   5.4900000e+02
   5.5800000e+02
   5.5900000e+02
   5.6500000e+02
   5.6800000e+02
   5.7500000e+02
   5.7700000e+02
   5.8300000e+02
   5.8700000e+02
   5.9200000e+02
   5.9800000e+02
   6.0700000e+02
   6.1200000e+02
   6.1300000e+02
   6.1600000e+02
   6.2100000e+02
   6.3300000e+02
   6.3600000e+02
   6.3700000e+02
   6.3900000e+02
   6.4000000e+02
   6.4200000e+02
   6.4700000e+02
   6.6000000e+02
   6.6700000e+02
   6.7400000e+02
   6.7800000e+02
   6.8200000e+02
   6.8300000e+02
   6.8900000e+02
   6.9000000e+02
   6.9300000e+02
   6.9500000e+02
   6.9900000e+02
   7.0400000e+02
   7.1100000e+02
   7.1300000e+02
   7.1700000e+02
   7.2700000e+02
   7.2900000e+02
   7.4500000e+02
   7.5500000e+02
   7.5700000e+02
   7.6200000e+02
   7.6300000e+02
   7.7000000e+02
   7.7200000e+02
   7.7400000e+02
   7.7500000e+02
   7.7600000e+02
   7.9100000e+02
   7.9300000e+02
   7.9600000e+02
   7.9700000e+02
   8.0000000e+02
   8.0800000e+02
   8.2100000e+02
   8.2200000e+02
   8.2900000e+02
   8.3800000e+02
   8.4300000e+02
   8.4400000e+02
   8.4600000e+02
   8.5600000e+02
   8.6500000e+02
   8.6900000e+02
   8.7300000e+02
   8.9000000e+02
   8.9100000e+02
   8.9800000e+02
   9.0100000e+02
   9.0700000e+02
   9.1200000e+02
   9.1300000e+02
   9.1800000e+02
   9.2100000e+02
   9.2400000e+02
   9.2900000e+02
   9.3100000e+02
   9.3500000e+02
   9.3700000e+02
   9.3800000e+02
   9.4000000e+02
   9.4300000e+02
   9.4600000e+02
   9.5200000e+02
   9.5400000e+02
   9.5800000e+02
   9.6800000e+02
   9.7200000e+02
   9.7600000e+02
   9.7700000e+02
   9.8100000e+02
   9.8200000e+02
   9.8300000e+02
   9.8400000e+02
   9.8800000e+02
   9.9100000e+02
   9.9400000e+02
   9.9500000e+02
   1.0000000e+03
   1.0010000e+03
   1.0020000e+03
   1.0030000e+03
   1.0120000e+03
   1.0210000e+03
   1.0220000e+03
   1.0340000e+03
   1.0360000e+03
   1.0380000e+03
   1.0440000e+03
   1.0450000e+03
   1.0460000e+03
   1.0470000e+03
   1.0480000e+03
   1.0570000e+03
   1.0580000e+03
   1.0590000e+03
   1.0730000e+03
   1.0760000e+03
   1.0800000e+03
   1.0960000e+03
   1.0980000e+03
   1.1040000e+03
   1.1060000e+03
   1.1070000e+03
   1.1080000e+03
   1.1160000e+03
   1.1190000e+03
   1.1260000e+03
   1.1430000e+03
   1.1470000e+03
   1.1480000e+03
   1.1550000e+03
   1.1580000e+03
   1.1690000e+03
   1.1710000e+03
   1.1780000e+03
   1.1890000e+03
   1.1930000e+03
   1.1980000e+03
   1.1990000e+03
   1.2100000e+03
   1.2130000e+03
   1.2150000e+03
   1.2200000e+03
   1.2250000e+03
   1.2330000e+03
   1.2490000e+03
   1.2520000e+03
   1.2580000e+03
   1.2610000e+03
   1.2630000e+03
   1.2640000e+03
   1.2670000e+03
   1.2750000e+03
   1.2790000e+03
   1.2840000e+03
   1.2950000e+03
   1.2970000e+03
   1.2980000e+03
   1.3020000e+03
   1.3100000e+03
   1.3150000e+03
   1.3160000e+03
   1.3170000e+03
   1.3300000e+03
   1.3340000e+03
   1.3390000e+03
   1.3400000e+03
   1.3450000e+03
   1.3480000e+03
   1.3540000e+03
   1.3610000e+03
   1.3660000e+03
   1.3670000e+03
   1.3710000e+03
   1.3720000e+03
   1.3780000e+03
   1.3830000e+03
   1.3850000e+03
   1.3870000e+03
   1.3950000e+03
   1.4090000e+03
   1.4100000e+03
   1.4130000e+03
   1.4160000e+03
   1.4180000e+03
   1.4210000e+03
   1.4230000e+03
   1.4260000e+03
   1.4280000e+03
   1.4350000e+03
   1.4440000e+03
   1.4520000e+03
   1.4600000e+03
   1.4640000e+03
   1.4680000e+03
   1.4740000e+03
   1.4750000e+03
   1.4790000e+03
   1.4800000e+03
   1.4880000e+03
   1.4990000e+03
   1.5000000e+03
   1.5010000e+03
   1.5110000e+03
   1.5160000e+03
   1.5180000e+03
   1.5200000e+03
   1.5220000e+03
   1.5230000e+03
   1.5280000e+03
   1.5340000e+03
   1.5440000e+03
   1.5510000e+03
   1.5580000e+03
   1.5590000e+03
   1.5640000e+03
   1.5700000e+03
   1.5780000e+03
   1.5790000e+03
   1.5820000e+03
   1.5870000e+03
   1.5890000e+03
   1.5900000e+03
   1.5910000e+03
   1.5930000e+03
   1.6060000e+03
   1.6150000e+03
   1.6160000e+03
   1.6270000e+03
   1.6290000e+03
   1.6320000e+03
   1.6330000e+03
   1.6390000e+03
   1.6410000e+03
   1.6440000e+03
   1.6470000e+03
   1.6480000e+03
   1.6500000e+03
   1.6560000e+03
   1.6690000e+03
   1.6770000e+03
   1.6780000e+03
   1.6820000e+03
   1.6860000e+03
   1.6980000e+03
   1.7020000e+03
   1.7030000e+03
   1.7060000e+03
   1.7150000e+03
   1.7180000e+03
   1.7220000e+03
   1.7250000e+03
   1.7280000e+03
   1.7430000e+03
   1.7440000e+03
   1.7460000e+03
   1.7470000e+03
   1.7500000e+03
   1.7550000e+03
   1.7580000e+03
   1.7600000e+03
   1.7630000e+03
   1.7650000e+03
   1.7700000e+03
   1.7770000e+03
   1.7780000e+03
   1.7800000e+03
   1.7810000e+03
   1.7840000e+03
   1.7960000e+03
   1.7970000e+03
   1.7980000e+03
   1.7990000e+03
   1.8020000e+03
   1.8050000e+03
   1.8060000e+03
   1.8110000e+03
   1.8160000e+03
   1.8170000e+03
   1.8210000e+03
   1.8280000e+03
   1.8320000e+03
   1.8350000e+03
   1.8450000e+03
   1.8460000e+03
   1.8480000e+03
   1.8520000e+03
   1.8550000e+03
   1.8560000e+03
   1.8660000e+03
   1.8720000e+03
   1.8830000e+03
   1.8890000e+03
   1.8980000e+03
   1.8990000e+03
   1.9050000e+03
   1.9230000e+03
   1.9270000e+03
